12523,
12567,
12526,
12534,
12513,
12532,
12569,
12525,
12543,
12547,
12564,
12515,
12518,
12521,
12527,
12530,
12524,
12553,
12512,
12540,
12528,
12520,
12517,
12545,
12558,
12566,
12561,
12529,
12563,
12519,
12522,
12544,
12555,
12538,
12546,
12042,
12560,
12580,
12594,
12615,
12590,
12596,
12636,
12612,
12579,
12600,
12585,
12542,
12551,
12589,
12593,
12586,
12603,
12598,
12587,
12592,
12576,
12606,
12632,
12627,
12618,
12628,
12574,
12578,
12633,
12619,
12584,
12577,
12626,
12609,
12635,
12541,
12637,
12623,
12575,
12573,
12581,
12565,
12613,
12536,
12610,
12638,
12595,
12625,
12588,
12631,
12639,
12629,
12630,
12621,
12550,
12604,
12608,
12611,
12602,
12620,
12548,
12622,
12607,
12597,
12531,
12624,
12634,
12599,
12583,
12556,
12302,
12380,
12192,
12197,
12200,
17268,
17263,
17474,
12539,
12557,
12533,
12535,
12552,
12537,
12568,
12516,
12514,
12554,
12559,
12582,
12601,
12591,
17995,
17862,
17854,
17874,
17966,
17967,
18005,
18001,
17873,
17857,
17984,
18010,
17997,
17981,
17890,
17983,
17859,
17879,
18007,
17988,
17973,
17971,
17870,
17991,
17895,
17850,
18018,
18016,
18015,
18020,
17985,
18021,
17965,
17849,
17976,
17986,
17982,
18014,
17882,
17989,
17972,
17891,
17864,
17998,
17963,
18013,
17888,
18012,
17861,
18009,
17852,
17975,
17877,
17964,
17858,
17958,
17860,
17999,
18002,
17867,
17871,
18000,
17978,
17962,
17869,
17875,
17969,
18003,
17977,
17883,
17856,
17872,
17881,
17866,
17855,
17968,
17974,
17853,
17980,
17994,
17851,
17887,
17889,
17886,
17880,
18004,
17868,
17876,
17990,
17993,
17996,
17863,
17865,
17979,
12385,
11836,
17906,
12562,
12572,
12184,
17845,
12549,
12570,
11590,
12261,
12251,
12249,
12248,
12247,
12246,
12245,
12244,
12243,
12242,
12240,
12239,
12238,
12237,
12236,
12235,
12233,
12210,
12190,
12125,
12017,
11815,
11799,
11672,
11661,
11657,
11650,
11645,
11644,
11641,
11526,
12122,
10707,
11020,
11039,
11594,
11041,
11485,
11573,
11178,
11177,
11196,
11593,
10647,
11574,
11595,
11621,
11197,
11144,
11143,
11125,
11142,
11179,
11309,
16032,
16030,
16156,
16306,
16323,
16031,
12250,
12241,
11848,
11673,
11671,
11670,
11658,
11649,
11646,
11637,
11632,
11631,
11630,
11629,
11613,
11612,
11584,
11579,
11565,
11564,
11563,
11562,
11560,
11558,
11556,
11555,
11542,
11537,
11536,
11532,
11530,
11529,
11528,
11525,
11524,
11517,
11516,
11512,
11511,
11510,
11506,
11501,
11498,
11497,
11482,
11472,
11462,
11461,
11454,
11438,
11437,
11404,
11403,
11402,
11401,
11400,
11375,
10928,
10943,
10541,
10706,
10932,
10978,
10980,
10499,
10498,
10497,
10496,
10495,
10494,
10493,
10492,
10491,
10489,
10488,
10486,
10484,
10483,
10482,
10481,
10480,
10479,
10478,
10477,
10476,
10475,
10474,
10473,
10472,
10471,
10470,
10469